STD_YM|STD_YMD|festival_no|MAN_10|MAN_20|MAN_30|MAN_40|MAN_50|MAN_60|WMAN_10|WMAN_20|WMAN_30|WMAN_40|WMAN_50|WMAN_60
201508|20150821|1|854.90999999995|3079.89000000014|5916.37000000051|5724.79000000051|3587.58000000034|2031.50999999975|664.829999999964|3033.05000000015|3098.87000000021|2522.11999999999|1780.73999999981|1245.44999999988
201508|20150822|2|1030.36999999989|4123.8900000026|4429.50000000258|3825.38000000139|3920.5000000016|2716.13000000083|1059.87999999986|3787.08000000187|3342.04000000136|2894.90000000093|2994.17000000113|2038.70999999966
201508|20150822|3|3413.17000000065|11846.4400000034|11133.9200000035|9373.55000000239|8217.89000000197|6884.40000000244|4352.86000000101|15936.7400000033|11360.7000000036|10479.840000003|8320.68000000174|5676.12000000172
201508|20150822|4|2517.11000000004|4723.92000000237|7608.97000000411|7921.60000000398|7662.44000000346|5465.0300000025|2600.82000000008|4812.11000000275|7021.06000000368|7267.38000000323|7068.76000000328|4601.75000000162
201509|20150901|5|1362.2899999998|3526.73000000028|8254.42000000194|9590.0200000026|7847.6200000018|6099.56000000131|1460.04999999977|4906.7400000008|5727.88000000132|5819.77000000123|5124.91000000127|3939.52000000075
201509|20150901|6|1984.42999999972|10381.1300000031|24576.7200000007|29018.2699999988|22711.9199999986|17017.030000004|3027.15000000042|13231.3200000046|15887.7500000052|15928.7400000047|13856.7200000045|10369.6500000037
201509|20150905|7|1177.3899999999|1066.22999999978|1803.26999999966|2209.52999999978|1943.77999999967|1512.74999999976|1150.1899999999|1194.82999999975|1738.7099999997|2495.65|1582.36999999974|1306.8199999998
201509|20150913|8|1234.28999999985|5060.6400000004|5187.84000000053|4911.74000000063|4766.89000000068|3914.01000000077|1245.81999999983|4618.64000000054|3993.74000000064|3882.4600000005|3788.75000000049|2799.92000000037
201509|20150917|9|3555.93000000101|20621.4599999974|16304.5400000048|13667.570000004|9367.10000000262|6150.00000000163|5430.12000000124|23359.5799999971|12593.0300000041|9476.16000000206|6698.31000000165|4954.85000000149
201509|20150918|10|5806.58000000133|14462.7000000034|13872.0400000039|13452.0600000035|11074.8400000034|9102.99000000349|6424.58000000128|19645.3200000003|15533.9700000033|13586.3100000032|10566.2000000026|7528.18000000229
201509|20150918|11|1966.65999999968|11961.0800000028|20865.7500000015|26486.6599999986|21655.2600000002|13107.5500000034|2758.10000000041|12985.9800000033|13056.1300000035|13174.3000000032|10465.6400000029|6691.44000000104
201509|20150925|12|1489.72999999983|2435.85000000063|5358.70000000272|6674.2400000022|5502.09000000167|3893.63000000118|1617.69999999981|2561.77000000069|4147.03000000144|4837.99000000153|4042.58000000112|3197.50000000091
201509|20150926|13|1322.49999999983|2967.09000000046|4721.17000000158|4244.33000000123|4640.49000000149|3323.28000000048|1082.91999999986|2762.80000000042|3660.46000000096|3409.3200000008|3967.07000000093|2772.82000000034
201510|20151009|14|2863.93999999981|7298.4800000015|10960.2100000025|11424.5800000028|9329.41000000196|6874.78000000164|4035.93|8898.31000000178|11094.3700000021|10588.470000002|7542.40000000178|4965.52000000115
201510|20151011|15|842.769999999927|1667.96999999975|2649.75000000029|2437.04000000016|2356.6400000001|2120.86999999994|1010.34999999991|1951.40999999972|2459.70000000016|2315.08000000006|2577.81000000019|2243.93000000005
201510|20151015|16|2857.35999999992|11249.2200000027|29516.4000000039|34593.4800000019|22651.3500000034|12911.3700000038|5441.38000000115|16274.2700000035|21789.9800000039|18873.1800000034|13171.850000003|8157.0000000018
201510|20151015|17|2857.35999999992|11249.2200000027|29516.4000000039|34593.4800000019|22651.3500000034|12911.3700000038|5441.38000000115|16274.2700000035|21789.9800000039|18873.1800000034|13171.850000003|8157.0000000018
201510|20151017|18|4397.93000000014|18126.6600000015|23428.8800000023|21635.5400000023|19394.5500000022|14170.3100000018|6510.48000000039|23509.9900000023|23013.9800000018|21227.7600000021|16153.5100000016|9529.66000000105
201510|20151017|19|6836.38000000181|4722.92000000204|5990.32000000289|9147.00000000371|7259.53000000273|4386.77000000149|6730.96000000188|5139.2000000025|6969.05000000321|12504.6200000051|7701.84000000306|4788.0700000021
201510|20151023|20|4232.24000000024|28160.8900000018|63553.3700000018|65888.4499999993|44153.7000000018|25087.0100000024|7400.29000000049|41721.7700000036|46827.1600000027|35928.8500000021|25791.1500000019|15408.6000000015
201510|20151026|21|1924.94999999978|22468.5000000017|57925.4900000021|63244.7700000016|41464.6200000025|24188.1400000023|3905.62000000008|33336.6300000023|38873.2900000026|30593.2100000022|23586.5700000019|15153.9700000016
201511|20151103|22|1295.6399999998|3620.08000000032|7970.70000000198|9030.02000000228|7176.25000000157|4988.510000001|1496.71999999972|4789.29000000096|5354.01000000105|5393.82000000104|4634.99000000091|3371.04000000029
201511|20151104|23|2293.83999999995|13369.910000002|34928.2500000011|33388.9900000004|19249.6600000003|10575.3300000018|2230.76999999986|17915.8900000013|21513.9900000003|15286.8100000021|10026.9400000015|6797.86000000138
201511|20151106|24|918.189999999922|7629.56000000053|18846.1900000029|19344.0400000026|13689.740000003|6986.71000000128|1223.14999999987|9103.33000000093|10367.1700000015|8172.53000000086|6064.93000000054|3693.08000000016
201511|20151111|25|4602.64000000114|22854.9299999988|16665.8600000036|12256.7000000035|8333.49000000182|5473.98000000154|8910.23000000185|26741.8599999984|13037.5800000037|9372.33000000211|6775.13000000166|4763.03000000119
201511|20151118|26|3450.30000000019|14604.570000002|35574.9700000007|34725.6000000001|21778.8100000005|11594.5700000022|3724.48000000031|20619.3700000006|22547.37|17415.4800000008|11980.1800000017|7738.45000000138
201511|20151121|27|3022.7300000009|5787.59000000339|7162.95000000418|7447.19000000326|6184.27000000293|4397.57000000188|2613.35000000044|5620.60000000335|6198.57000000353|6268.99000000274|5461.39000000281|4043.00000000162
201511|20151121|28|3202.9600000008|6573.92000000432|5673.0900000033|5606.12000000232|4879.68000000203|3536.61000000094|3281.50000000106|7422.00000000504|5769.89000000347|6328.13000000292|4960.58000000193|3607.60000000113
201511|20151127|29|2535.13000000023|12288.1800000026|22365.7099999994|19005.2900000012|12254.1300000024|7511.98000000107|3243.00000000033|19321.3600000008|20447.35|14081.4600000026|9465.42000000176|7100.19000000114
201511|20151127|30|6867.56000000124|28639.2999999992|24914.6899999986|18992.7199999995|13183.1200000038|9103.9200000027|10262.6800000027|36008.7999999995|20393.5099999997|15483.4600000037|11023.3900000034|7312.24000000155
201512|20151206|31|1133.34999999982|4999.56000000083|4771.86000000074|4614.09000000089|5113.30000000086|3904.52000000063|1150.3499999998|4250.25000000087|3509.91000000049|3391.62000000047|4079.17000000069|2833.19000000033
201512|20151212|32|2828.20000000001|2618.95999999993|4051.35000000102|4574.61000000188|4359.43000000144|3167.92000000062|2352.54999999997|2357.57999999986|3783.72000000064|5621.15000000239|4112.45000000097|2899.31000000018
201512|20151217|33|3289.27000000029|10920.390000002|26236.3799999995|25079.8799999991|15465.0100000022|8393.05000000155|3049.73000000034|15554.2800000018|17629.0300000015|13060.7600000017|8918.23000000154|5574.53000000068
201512|20151218|34|195.759999999999|244.550000000002|500.029999999961|551.109999999961|488.239999999964|402.749999999973|223.659999999997|271.229999999998|432.069999999966|521.409999999966|454.149999999968|319.629999999984
201512|20151218|35|1817.14999999981|3142.01000000076|5048.43000000153|5344.68000000144|4410.22000000084|3103.25000000057|2079.69999999983|3139.40000000072|4362.29000000118|4476.66000000091|3926.47000000071|3074.86000000059
201512|20151218|36|332.089999999986|643.329999999858|715.199999999894|883.769999999885|819.279999999886|560.869999999936|419.059999999955|699.699999999852|566.799999999931|713.849999999924|566.189999999942|427.919999999963
201512|20151218|37|2801.45000000013|3684.64000000147|7254.84000000316|8974.22000000349|8741.38000000359|5956.11000000196|2757.03000000012|4208.76000000162|6080.83000000254|6491.75000000195|7126.71000000235|4984.60000000183
201512|20151218|38|4238.80000000057|25065.5700000022|50300.9399999949|50025.5899999941|34547.3300000011|21777.5000000036|8180.68000000137|40359.6599999948|41663.0699999939|32604.5300000023|24946.5200000018|16455.2200000037
201601|20160125|39|819.859999999932|7185.43000000147|15420.5500000044|19257.0700000021|16604.8900000035|10993.3800000027|875.549999999908|8212.1500000016|9472.29000000264|9328.82000000203|7463.11000000104|5533.45000000079
201602|20160216|40|899.619999999921|1323.42999999966|2274.60999999989|2974.60000000034|2842.03000000018|2479.73000000011|920.28999999991|1519.15999999969|2049.37999999966|2806.07000000023|2652.16000000015|2433.67000000005
201603|20160313|41|36486|82921|162334|148489|141426|120740|33620|90606|142951|117240|121112|95359
201603|20160318|42|178706|360378|532218|588114|495842|381899|221647|379447|468605|488324|448398|386021
201603|20160321|43|20754|130446|377352|446613|385479|304727|26230|160678|219668|184947|155498|146658
201603|20160326|44|101797|372695|376549|337753|363627|353029|109458|356407|255841|234684|241754|228411
201603|20160331|45|34718|232541|646263|781316|651441|508728|41583|283891|386932|337304|284630|250631
201604|20160402|46|3496764|2839964|3413252|4390358|3668620|2489696|3441636|2942554|3862666|6111106|3925478|2318586
201604|20160402|47|437784|529478|793434|956772|962778|895444|458314|664502|789400|1100448|1032900|1000440
201604|20160412|48|303306|1584762|2648644|3453858|3084924|2276368|376630|1756448|1743392|1764840|1488524|1154888
201604|20160417|49|113096|621236|652574|640942|739810|932592|124756|597682|513886|508258|585184|527012
201604|20160420|50|301681|749613|2139446|2318548|1540740|1050993|208434|1012207|1352325|1092637|768382|616107
201604|20160421|51|288312|738468|1314586|1463772|1191754|1052378|256402|922456|932696|865554|732932|666906
201604|20160422|52|245068|695892|1283626|1321966|1144558|715440|273884|734932|889036|880296|752592|525760
201604|20160422|53|449248|1537644|3435964|3294198|2227374|1632596|527554|2449836|3026372|2314118|1535096|1414494
201604|20160423|54|778752|4188720|2382932|1614512|1517764|1224260|887800|4404902|2077112|1734746|1388006|1079272
201604|20160423|55|143474|488866|627508|555618|531698|360328|159044|488046|504146|477020|460126|330708
201604|20160423|56|221320|1264828|1797996|1677858|1560312|1376664|273538|1679288|1779678|1506448|1297382|966814
201604|20160429|57|128930|342924|1178404|1438181|1075870|829325|83067|464730|799245|652195|482191|389520
201604|20160430|58|262288|577080|1147148|1253612|1230030|920116|234952|587768|877474|933420|930072|690142
201604|20160430|59|420596|508118|787344|972986|875214|745232|421438|538156|711916|936600|682236|580834
201605|20160501|60|87428|139471|208907|221698|176184|169174|95883|152294|203134|226156|154754|161943
201605|20160501|61|122102|200940|324925|333440|299830|246107|103883|192675|280819|284946|255226|247252
201605|20160505|62|66756|208237|232825|258294|277032|238172|75261|199539|193701|201877|189739|156560
201605|20160506|63|124893|337609|411604|481870|394546|352294|191707|439215|420516|473025|342596|247662
201605|20160506|64|200262|368753|534971|536346|601582|483603|162028|336387|443416|508450|581235|483580
201605|20160513|65|183088|376301|839444|987496|760917|535211|356110|563009|714136|719669|480565|369528
201605|20160513|66|110853|481248|1116142|1209604|863654|567562|216226|743429|883428|737672|488245|356647
201605|20160514|67|61318|166418|179150|148778|141709|94717|67353|178758|152589|133953|131333|94272
201606|20160603|68|4200.83000000007|17962.4200000042|30524.9900000033|27930.7600000033|24986.520000002|20013.9600000019|3920.72999999991|19815.7700000046|23599.6300000045|22030.990000004|20230.4600000037|13560.5200000036
201606|20160604|69|3241.02999999991|15278.7900000008|20588.2000000013|18127.8300000017|15733.7500000016|13405.3100000011|4849.57000000007|20386.3000000007|21083.2000000011|18442.1600000015|15650.480000001|11852.4600000009
201606|20160604|70|2577.81000000012|9177.29000000476|7044.84000000301|6101.2700000022|5676.01000000202|5060.61000000166|4154.48000000115|14991.9700000052|7066.10000000269|6743.94000000237|5897.20000000239|4863.39000000152
201606|20160604|71|2217.25999999991|3598.99000000119|5724.10000000245|5460.46000000175|4283.43000000083|3550.56000000041|2770.68000000027|4519.56000000197|4716.05000000166|4591.6700000012|3508.54000000062|3086.87000000034
201606|20160617|72|3687.94000000075|2683.70000000009|5372.1300000029|6058.54000000275|4717.58000000187|3776.43000000116|3075.41000000037|2888.17000000016|4462.71000000177|6311.16000000254|4526.69000000175|3871.39000000087
201606|20160630|73|1669.56999999975|6125.62000000347|7079.62000000312|6800.09000000209|5161.43000000129|3496.73000000043|2022.61999999974|7083.60000000362|5587.0800000022|4989.84000000127|3756.12000000055|3078.90000000024
