STD_YM|STD_YMD|festival_no|MAN_10|MAN_20|MAN_30|MAN_40|MAN_50|MAN_60|WMAN_10|WMAN_20|WMAN_30|WMAN_40|WMAN_50|WMAN_60
201509|20150904|1|1217.15999999994|3188.45000000033|6120.52000000086|6131.13000000072|4262.58000000034|2395.04000000002|3858.77000000019|4269.92000000042|3779.48000000028|3471.84000000029|2341.45000000003|1530.76999999987
201509|20150905|2|1173.80999999984|4622.71000000294|5029.26000000302|4147.6500000017|4495.33000000211|3288.19000000133|1161.58999999984|4198.57000000231|3599.39000000155|3106.68000000106|3383.26000000126|2326.4700000003
201509|20150905|3|3904.79000000088|13869.850000004|11676.680000004|9477.21000000327|8666.8800000025|6744.64000000264|5001.95000000138|17556.910000001|11298.5500000041|10515.2500000036|8505.71000000239|5659.74000000214
201509|20150905|4|2811.10000000026|5050.99000000262|8213.51000000403|8580.42000000445|8163.06000000374|6030.55000000319|2885.84000000027|5134.95000000291|7582.51000000417|7727.37000000378|7748.36000000361|5205.67000000237
201509|20150915|5|1233.44999999981|3522.80000000027|7951.17000000146|8868.44000000215|6854.50000000157|4948.63000000104|1406.51999999976|4622.16000000054|5420.55000000097|5325.78000000085|4550.74000000072|3201.63000000029
201509|20150915|6|2207.33999999993|10303.6900000031|24336.8200000025|28007.8400000005|20901.9500000008|15103.4400000053|3345.10000000037|13811.1000000049|16111.9500000052|16264.3900000047|13942.2800000041|9480.53000000293
201509|20150919|7|1129.72999999989|1171.99999999978|1912.35999999967|2415.83999999986|2072.82999999969|1584.76999999974|1216.73999999987|1365.24999999973|1795.9599999997|2451.74999999995|1675.40999999974|1319.3999999998
201509|20150927|8|1065.87999999989|2692.34000000021|3909.33000000059|4170.21000000065|3267.42000000071|2955.85000000052|1042.42999999988|2655.46000000025|3873.38000000059|4085.51000000063|3253.71000000052|2673.15000000029
201510|20151001|9|3618.69000000111|19888.8999999965|16086.1800000046|12865.3300000036|8900.45000000255|5663.64000000165|5590.61000000165|21084.9399999971|11032.5200000036|8870.5900000021|6303.98000000165|4609.06000000142
201510|20151002|10|4329.14000000114|12090.840000004|11705.750000004|10663.8400000035|8993.34000000279|7503.77000000278|4920.2200000015|16529.9500000032|12267.8800000038|10409.8400000033|8224.89000000214|6383.68000000235
201510|20151002|11|1605.77999999971|10728.7600000026|17490.5500000034|21635.0600000017|17794.2600000027|10964.1000000032|2124.64999999973|10401.9100000027|10488.7000000031|10470.4200000026|8432.54000000204|5700.9400000014
201510|20151009|12|1588.44999999974|2197.70999999998|4023.86000000134|4818.16000000183|3613.07000000113|2823.84000000079|1832.83999999971|2488.69000000051|5093.37000000189|4760.29000000171|3181.18000000086|2680.11000000063
201510|20151010|13|1516.51999999984|2802.43000000055|4748.29000000151|4504.51000000116|4841.62000000135|3246.21000000056|1473.88999999984|2637.40000000033|3882.77000000105|3942.78000000092|4676.48000000149|3041.90000000054
201510|20151023|14|3938.59000000055|12255.8000000028|28841.9900000037|33265.4800000027|22268.8200000037|12353.9600000032|6801.1400000013|17309.9600000032|22211.1800000038|19135.6100000032|13219.8900000029|7827.42000000179
201510|20151025|15|1236.21999999987|2145.55999999992|3167.20000000054|2940.9500000004|2680.74000000035|2515.42000000027|1492.07999999983|2476.85000000015|2947.41000000038|2864.68000000035|2676.77000000032|2404.53000000014
201510|20151029|16|1451.13999999976|7936.55000000166|19797.5400000041|22675.1000000036|14656.7800000032|7463.55000000167|3231.71000000054|11672.6300000025|14659.6300000033|12398.2400000029|8414.39000000147|4850.84000000079
201510|20151029|17|1451.13999999976|7936.55000000166|19797.5400000041|22675.1000000036|14656.7800000032|7463.55000000167|3231.71000000054|11672.6300000025|14659.6300000033|12398.2400000029|8414.39000000147|4850.84000000079
201510|20151031|18|4233.32000000015|20888.2900000018|23347.1600000023|21423.0000000024|18411.7000000019|13498.9800000016|6124.62000000033|24272.5900000023|20448.4600000027|18912.9100000019|14827.1600000016|8783.29000000096
201510|20151031|19|6298.15000000178|4983.6400000023|5929.41000000302|8986.12000000373|7104.88000000286|4295.7500000016|6607.94000000205|5403.51000000258|6865.76000000343|12046.8900000045|7499.83000000254|4665.60000000202
201511|20151106|20|3202.07999999991|30691.7500000021|63484.1100000021|65991.1800000001|44509.0900000017|26247.5300000026|6629.20000000045|43364.160000002|47149.1600000026|36387.0000000028|26949.7200000025|17087.8200000022
201511|20151109|21|1931.60999999975|23026.070000002|56140.1200000024|61594.2000000014|41538.9500000024|23738.1500000029|4083.94000000011|33201.8000000028|37544.8700000023|29347.3500000024|22455.4200000021|14701.3800000023
201511|20151117|22|1259.35999999982|3538.37000000022|7572.62000000178|8330.71000000176|6509.19000000137|4732.7100000009|1396.09999999975|4694.71000000073|5287.66000000096|5008.21000000082|4493.70000000077|3290.22000000032
201511|20151118|23|3450.30000000019|14604.570000002|35574.9700000007|34725.6000000001|21778.8100000005|11594.5700000022|3724.48000000031|20619.3700000006|22547.37|17415.4800000008|11980.1800000017|7738.45000000138
201511|20151120|24|1055.4699999999|7654.68000000052|19155.6300000027|20338.5300000027|14336.5000000029|7573.10000000161|1504.28999999981|10112.3800000013|11016.060000002|8147.91000000094|6236.92000000052|3857.80000000021
201511|20151125|25|4517.41000000101|23300.9199999978|17476.5300000003|13491.7300000038|9526.99000000248|6080.75000000157|8750.19000000165|27034.5299999974|13301.6400000036|10208.7300000024|7526.96000000141|5038.89000000121
201512|20151202|26|2637.90000000015|9440.40000000166|24013.6099999999|22903.7099999998|13850.400000002|7677.17000000097|2314.21000000003|13036.3400000018|14737.6300000022|10783.7300000016|7503.85000000089|5178.38000000052
201512|20151205|27|2387.56000000013|4974.32000000265|7039.3700000041|7148.8600000029|6357.7800000031|4163.08000000138|2251.36999999992|4734.46000000252|5946.69000000343|5662.11000000235|5030.59000000246|3726.5200000012
201512|20151205|28|2737.13000000042|6429.96000000491|6161.92000000397|6445.12000000365|5165.35000000231|3637.00000000107|2905.96000000069|7656.54000000533|5754.55000000386|6496.03000000378|5063.27000000249|3614.91000000107
201512|20151211|29|2775.68000000014|12804.4800000029|23112.3099999989|19716.5400000006|12491.8000000028|8145.21000000201|3291.56000000033|20476.6399999992|21729.309999999|15022.7600000027|10277.8900000021|7495.18000000219
201512|20151211|30|6951.15000000157|28419.8199999991|25503.6999999986|19185.3799999997|13295.340000004|8808.2300000022|11759.8100000033|36729.2499999985|21679.8199999988|15823.7700000036|10950.6200000033|7384.25000000166
201512|20151220|31|1545.51999999974|5314.71000000086|4971.07000000084|5073.32000000079|5548.56000000107|4075.28000000069|2358.57999999998|4795.3800000009|3776.3100000006|4013.96000000054|4138.82000000059|3091.52000000037
201512|20151226|32|9759.58000000381|3036.56000000024|2853.94000000004|3644.25000000115|3302.80000000073|2305.38999999995|12042.9600000035|2734.96999999995|2687.50999999998|4710.66000000173|3054.15000000025|2311.05999999983
201512|20151231|33|4078.73000000036|13049.4400000015|23480.9999999995|20189.8100000003|13100.4700000019|7315.13000000121|5149.64000000046|16664.0000000017|16744.7700000019|12607.160000002|8027.88000000091|5319.20000000069
201601|20160101|34|266.449999999992|466.259999999953|650.569999999915|724.579999999927|1021.7799999999|834.889999999925|172.230000000001|618.70999999994|510.759999999954|704.489999999927|805.269999999935|537.809999999957
201601|20160101|35|1042.45999999989|2405.25000000023|2940.86000000078|2778.89000000049|2403.63000000019|2168.72999999999|924.009999999902|2224.02000000002|2767.64000000061|2749.85000000059|2521.22000000043|2431.15000000031
201601|20160101|36|124.450000000005|320.709999999968|408.919999999953|417.619999999958|440.979999999963|381.789999999971|104.900000000004|290.139999999981|359.449999999966|419.919999999961|341.429999999977|290.309999999989
201601|20160101|37|1808.89999999982|3074.56000000048|5001.82000000228|4930.51000000185|5214.74000000198|4610.60000000155|1413.82999999984|3203.23000000077|4453.67000000163|4450.82000000138|4951.38000000182|4137.2400000012
201601|20160101|38|2845.68000000013|11188.7700000031|11704.9600000028|10864.2000000027|8848.790000002|7444.73000000153|4112.1700000004|13484.180000003|11134.0600000029|11063.0000000027|7542.84000000158|5865.86000000154
201602|20160208|39|498.759999999957|2037.7699999996|2726.43000000019|2562.54000000006|2360.04000000003|2228.55999999995|597.449999999929|1846.70999999962|2354.02999999991|2367.95999999995|2364.93999999999|1876.89999999972
201603|20160301|40|209103|209617|338424|481506|369755|355136|194224|267271|411416|510677|366605|347204
201603|20160327|41|41994|100489|162104|167551|158449|133042|73112|141960|149805|140062|130455|102817
201604|20160401|42|785798|1579900|2269494|2491016|2081044|1682544|1027950|1652160|2043790|2164010|2005806|1696410
201604|20160404|43|137432|730734|1745258|1987758|1709884|1439804|188130|993800|1145032|964638|838950|790376
201604|20160409|44|648628|1949574|1746326|1549760|1635452|1503254|897252|2224242|1215058|1163972|1114502|1065102
201604|20160414|45|129844|866768|2519970|2989872|2440838|1977766|155322|993986|1413966|1228132|1064094|965912
201604|20160416|46|2889510|2521364|3230472|3888546|3540184|2388754|2901562|2734978|3469662|5557872|3511076|2133326
201604|20160416|47|439394|493390|743276|892404|964268|846946|471194|698486|727018|1013296|978768|863842
201604|20160426|48|265068|1425634|2422206|3204786|2934230|2103568|346954|1549696|1572648|1600404|1342888|1057838
201605|20160501|49|42533|223375|218205|231202|240462|315564|52252|201862|164320|161303|177341|160463
201605|20160504|50|123172|272788|654906|642023|431100|299031|97423|375468|433275|340375|229932|179631
201605|20160505|51|117794|202797|255194|265698|191736|191380|95316|226832|285445|248142|158726|156992
201605|20160506|52|59889|155724|224641|227210|235528|149115|59134|149129|169978|173233|168240|122677
201605|20160506|53|82644|313561|520101|412639|322985|262796|96683|450129|505673|375163|281721|247868
201605|20160507|54|236979|1009727|522961|349999|318403|280427|305736|1058951|457697|397522|352733|257354
201605|20160507|55|57802|161089|180869|151445|146628|105800|64990|167924|158630|150003|140737|100222
201605|20160507|56|106507|356134|450610|419076|369551|346580|161552|482512|474056|447829|362051|291474
201605|20160513|57|99379|245524|586747|570344|395688|283267|80850|326709|396817|312208|214611|181515
201605|20160514|58|73666|151719|270943|273450|262868|206900|80911|186753|223964|238271|215541|166233
201605|20160514|59|115063|142128|195483|216915|193378|158529|119902|167705|176653|225200|146641|133843
201605|20160515|60|81131|124386|169706|193852|170349|165355|87529|135690|178249|201170|145360|143353
201605|20160515|61|82588|144373|230680|247042|221687|175379|73721|120773|183172|205752|169513|146879
201605|20160519|62|82513|355035|576977|731205|663305|493955|100315|399750|401827|396221|325202|250261
201605|20160520|63|200581|505775|1098766|1184602|848620|574350|243426|766253|893046|744698|513196|376389
201605|20160520|64|260698|396006|637099|717523|839323|760699|249042|409190|620889|763126|980032|770953
201605|20160527|65|164676|373054|825257|968346|746922|521780|304207|590472|698771|673209|484411|374350
201605|20160527|66|101801|473340|1090024|1196162|851937|564597|180651|738627|861514|712087|498208|357331
201605|20160528|67|59380|172604|200372|167261|160818|108598|66138|188809|168680|154455|150317|101056
201606|20160617|68|3601.76999999994|17959.0500000039|30626.130000004|27308.3400000029|25031.5400000014|19632.6300000028|3318.69999999992|19041.0900000044|23221.5500000042|21913.1600000037|19996.4200000035|13484.4900000035
201606|20160618|69|2694.51999999987|14060.6200000007|19673.530000001|17011.6500000016|15110.2100000013|13112.2300000009|3522.90000000002|18779.1500000005|19732.7400000009|17016.420000001|14782.3300000008|11064.5700000007
201606|20160618|70|2525.4400000001|8828.97000000434|7077.0400000029|6315.48000000212|6024.45000000241|5120.85000000186|3293.93000000058|14190.6600000051|7389.370000003|6805.20000000243|6137.31000000232|5091.2400000018
201606|20160618|71|2562.54000000023|4192.84000000151|6138.51000000235|6042.75000000208|4603.11000000118|4001.94000000062|3401.05000000083|5130.9500000025|5243.44000000206|5217.01000000159|3730.58000000056|3242.62000000054
201607|20160701|72|3575.68000000059|3646.69000000087|6865.69000000301|7663.57000000315|6007.08000000257|4631.60000000152|3226.9100000004|4081.82000000122|5814.69000000215|7328.7900000028|5274.05000000179|4632.6300000014
201607|20160714|73|2141.04999999978|7751.10000000507|8520.82000000463|8356.75000000322|6077.00000000251|4331.15000000123|2752.49000000033|9159.52000000542|7012.65000000384|6288.52000000261|4667.36000000173|3802.36000000085
